0000000000000000000000000000
0000000000000000000000000000
0000000000000000000000000000
0000111000000000000000000000
0000111000000011000000000000
0000111000000111000000000000
0000111100001111100011110000
0000111100001111100011110000
0000111100011111101111110000
0000111100111111111111100000
0001111100111111111111100000
0000111101111111111111000000
0000111111111111111110000000
0000111111110111111100000000
0000111111110011111100000000
0000111111100011111100000000
0000111111000011111000000000
0000111111000011111000000000
0000111111000011111000000000
0000111110000011110000000000
0000111110000011110000000000
0000111110000011110000000000
0000111100000001100000000000
0000111100000000000000000000
0000111000000000000000000000
0000000000000000000000000000
0000000000000000000000000000
0000000000000000000000000000
